[1/1/2015 0:13:5] Received code: 13
[1/1/2015 0:17:19] Received code: 0
[1/1/2015 0:17:19] Received ping!
[1/1/2015 0:17:31] Received code: 100
[1/1/2015 0:17:31] MoveInstruction
[1/1/2015 0:17:32] #######SAFE MOVE DIGEST########
[1/1/2015 0:17:32] Starting Yaw: -1
[1/1/2015 0:17:33] Ending Yaw: -3
[1/1/2015 0:17:33] Recorded Yaws: [-1, -1, -1, -1, -3, -3]
[1/1/2015 0:17:33] Yaw Differences: [0, 0, 0, 0, 2, 2]
[1/1/2015 0:17:33] Average Difference: 0.666667
[1/1/2015 0:17:33] Power Values: [(2, 3), (8, 6), (12, 8), (17, 11), (0, 15), (0, 18)]
[1/1/2015 0:17:33] RPM Values:[(0.0, 0.0), (0.0, 0.0), (0.0, 0.0), (0.0, 0.0), (10.0, 0.0)]
[1/1/2015 0:17:33] Times:[-1, -101, -101, -100, -101, -100]
[1/1/2015 0:17:33] #######SAFE MOVE DIGEST########
[1/1/2015 0:17:34] Finished move instruction
[1/1/2015 0:17:35] MoveInstruction
[1/1/2015 0:17:45] #######SAFE MOVE DIGEST########
[1/1/2015 0:17:45] Starting Yaw: -6
[1/1/2015 0:17:45] Ending Yaw: -18
[1/1/2015 0:17:45] Recorded Yaws: [-6, -7, -6, -6, -6, -5, -5, -5, -6, -7, -7, -7, -7, -8, -9, -9, -10, -11, -11, -12, -14, -14, -14, -14, -14, -14, -15, -15, -15, -14, -14, -14, -15, -16, -15, -15, -14, -13, -14, -14, -14, -14, -14, -14, -15, -15, -16, -15, -15, -14, -14, -14, -14, -14, -14, -14, -15, -15, -16, -16, -16, -16, -15, -15, -15, -15, -15, -14, -15, -15, -16, -16, -16, -15, -14, -14, -15, -15, -15, -15, -15, -15, -16, -16, -16, -16, -16, -15, -16, -17, -18, -18, -18, -18]
[1/1/2015 0:17:45] Yaw Differences: [0, 1, 0, 0, 0, 1, 1, 1, 0, 1, 1, 1, 1, 2, 3, 3, 4, 5, 5, 6, 8, 8, 8, 8, 8, 8, 9, 9, 9, 8, 8, 8, 9, 10, 9, 9, 8, 7, 8, 8, 8, 8, 8, 8, 9, 9, 10, 9, 9, 8, 8, 8, 8, 8, 8, 8, 9, 9, 10, 10, 10, 10, 9, 9, 9, 9, 9, 8, 9, 9, 10, 10, 10, 9, 8, 8, 9, 9, 9, 9, 9, 9, 10, 10, 10, 10, 10, 9, 10, 11, 12, 12, 12, 12]
[1/1/2015 0:17:45] Average Difference: 7.47872
[1/1/2015 0:17:45] Power Values: [(13, -11), (32, -30), (39, -36), (42, -39), (43, -41), (43, -39), (43, -38), (43, -36), (43, -37), (41, -37), (40, -36), (41, -35), (41, -34), (40, -32), (39, -33), (38, -33), (38, -33), (38, -32), (38, -32), (38, -32), (37, -33), (37, -33), (36, -33), (37, -33), (38, -32), (38, -32), (38, -33), (38, -33), (38, -33), (39, -33), (39, -33), (39, -33), (39, -33), (39, -34), (38, -34), (38, -34), (39, -33), (40, -32), (40, -32), (39, -33), (39, -33), (39, -33), (39, -33), (39, -32), (39, -33), (39, -34), (38, -34), (39, -34), (39, -33), (40, -33), (40, -32), (40, -32), (39, -33), (40, -33), (39, -33), (40, -33), (39, -33), (39, -33), (39, -33), (38, -33), (38, -33), (38, -33), (39, -32), (38, -32), (38, -33), (39, -33), (39, -33), (40, -33), (40, -33), (39, -33), (40, -33), (38, -34), (38, -34), (39, -32), (39, -32), (40, -32), (40, -33), (39, -33), (39, -33), (40, -33), (40, -32), (39, -33), (39, -33), (39, -33), (38, -34), (39, -32), (38, -32), (39, -32), (39, -31), (38, -32), (38, -33), (38, -33), (38, -32), (24, -14)]
[1/1/2015 0:17:46] RPM Values:[(0.0, 0.0), (5.0, 5.0), (28.3333, 30.0), (46.6667, 45.0), (51.6667, 50.0), (55.0, 61.6667), (53.3333, 58.3333), (53.3333, 55.0), (58.3333, 51.6667), (53.3333, 50.0), (55.0, 53.3333), (50.0, 50.0), (50.0, 53.3333), (50.0, 53.3333), (53.3333, 45.0), (50.0, 50.0), (50.0, 50.0), (48.3333, 46.6667), (48.3333, 50.0), (50.0, 48.3333), (50.0, 45.0), (50.0, 45.0), (46.6667, 48.3333), (45.0, 50.0), (46.6667, 50.0), (48.3333, 50.0), (48.3333, 46.6667), (48.3333, 45.0), (46.6667, 45.0), (45.0, 50.0), (48.3333, 48.3333), (46.6667, 46.6667), (48.3333, 46.6667), (51.6667, 48.3333), (50.0, 46.6667), (48.3333, 53.3333), (46.6667, 50.0), (43.3333, 51.6667), (48.3333, 48.3333), (50.0, 45.0), (48.3333, 46.6667), (48.3333, 48.3333), (48.3333, 50.0), (50.0, 45.0), (48.3333, 51.6667), (48.3333, 45.0), (50.0, 46.6667), (46.6667, 46.6667), (45.0, 48.3333), (48.3333, 53.3333), (48.3333, 50.0), (48.3333, 46.6667), (50.0, 43.3333), (46.6667, 48.3333), (46.6667, 46.6667), (48.3333, 48.3333), (46.6667, 48.3333), (48.3333, 46.6667), (51.6667, 46.6667), (50.0, 48.3333), (50.0, 51.6667), (45.0, 50.0), (46.6667, 50.0), (48.3333, 46.6667), (48.3333, 46.6667), (48.3333, 46.6667), (48.3333, 48.3333), (46.6667, 46.6667), (45.0, 50.0), (50.0, 48.3333), (48.3333, 45.0), (53.3333, 46.6667), (48.3333, 50.0), (45.0, 50.0), (45.0, 50.0), (46.6667, 50.0), (48.3333, 46.6667), (50.0, 43.3333), (48.3333, 48.3333), (48.3333, 48.3333), (46.6667, 50.0), (48.3333, 48.3333), (48.3333, 46.6667), (51.6667, 48.3333), (50.0, 46.6667), (46.6667, 51.6667), (46.6667, 48.3333), (45.0, 50.0), (51.6667, 48.3333), (50.0, 43.3333), (48.3333, 46.6667), (46.6667, 50.0), (46.6667, 50.0)]
[1/1/2015 0:17:46] Times:[-1, -99, -101, -100, -100, -100, -100, -101, -101, -100, -100, -100, -100, -100, -100, -101, -100, -101, -101, -100, -101, -101, -100, -101, -101, -100, -101, -101, -100, -101, -101, -100, -101, -101, -101, -101, -100, -100, -101, -101, -100, -101, -99, -101, -101, -100, -100, -100, -101, -101, -100, -100, -100, -100, -100, -100, -101, -100, -101, -101, -101, -100, -100, -101, -101, -101, -100, -101, -100, -101, -101, -101, -100, -100, -100, -101, -100, -100, -100, -102, -100, -101, -100, -100, -100, -101, -101, -100, -101, -101, -100, -101, -101, -100]
[1/1/2015 0:17:46] #######SAFE MOVE DIGEST########
[1/1/2015 0:17:46] Finished move instruction
[1/1/2015 0:17:47] MoveInstruction
[1/1/2015 0:17:47] list index out of range

