[1/1/2015 0:44:29] Received code: 13
[1/1/2015 0:44:42] Received code: 0
[1/1/2015 0:44:42] Received ping!
[1/1/2015 0:44:54] Received code: 100
[1/1/2015 0:44:54] MoveInstruction
[1/1/2015 0:44:57] #######SAFE MOVE DIGEST########
[1/1/2015 0:44:57] Starting Yaw: 27
[1/1/2015 0:44:57] Ending Yaw: 25
[1/1/2015 0:44:58] Recorded Yaws: [27, 27, 26, 27, 28, 30, 31, 32, 31, 30, 30, 29, 28, 28, 26, 26, 25, 25, 24, 24, 23, 23, 23, 23, 24, 25, 25, 25]
[1/1/2015 0:44:58] Yaw Differences: [0, 0, 1, 0, 1, 3, 4, 5, 4, 3, 3, 2, 1, 1, 1, 1, 2, 2, 3, 3, 4, 4, 4, 4, 3, 2, 2, 2]
[1/1/2015 0:44:58] Average Difference: 2.32143
[1/1/2015 0:44:58] Power Values: [(23, -23), (50, -52), (56, -60), (60, -63), (60, -61), (59, -58), (57, -55), (56, -53), (56, -52), (53, -50), (54, -50), (52, -50), (52, -51), (52, -50), (52, -50), (52, -51), (51, -51), (51, -49), (53, -50), (53, -51), (52, -50), (53, -50), (52, -51), (52, -51), (52, -50), (52, -50), (53, -50), (47, -47)]
[1/1/2015 0:44:58] RPM Values:[(0.0, 0.0), (26.6667, 18.3333), (63.3333, 60.0), (75.0, 81.6666), (95.0, 96.6667), (95.0, 96.6667), (85.0, 96.6667), (90.0, 91.6666), (88.3333, 88.3333), (88.3333, 83.3333), (78.3333, 83.3333), (83.3333, 78.3333), (81.6666, 80.0), (80.0, 78.3333), (80.0, 80.0), (81.6666, 80.0), (81.6666, 83.3333), (81.6666, 81.6666), (76.6667, 75.0), (81.6666, 76.6667), (80.0, 80.0), (76.6667, 81.6666), (80.0, 81.6666), (81.6666, 75.0), (81.6666, 83.3333), (75.0, 81.6666), (78.3333, 78.3333)]
[1/1/2015 0:44:58] Times:[-1, -100, -101, -100, -101, -100, -100, -100, -100, -100, -100, -100, -100, -100, -101, -101, -100, -101, -99, -101, -99, -101, -101, -100, -100, -101, -100, -101]
[1/1/2015 0:44:58] #######SAFE MOVE DIGEST########
[1/1/2015 0:44:59] Finished move instruction
[1/1/2015 0:45:0] RotateInstruction

