[1/1/2015 0:9:5] Received code: 13
[1/1/2015 0:9:43] Received code: 0
[1/1/2015 0:9:43] Received ping!
[1/1/2015 0:10:14] Received code: 100
[1/1/2015 0:10:15] MoveInstruction
[1/1/2015 0:10:16] #######SAFE MOVE DIGEST########
[1/1/2015 0:10:16] Starting Yaw: 0
[1/1/2015 0:10:16] Ending Yaw: -4
[1/1/2015 0:10:16] Recorded Yaws: [0, 0, 0, 0, 0, -1, -4]
[1/1/2015 0:10:16] Yaw Differences: [0, 0, 0, 0, 0, 1, 4]
[1/1/2015 0:10:16] Average Difference: 0.714286
[1/1/2015 0:10:16] Power Values: [(3, 3), (10, 10), (10, 10), (13, 13), (17, 17), (21, 23), (25, 0)]
[1/1/2015 0:10:16] RPM Values:[(0.0, 0.0), (0.0, 0.0), (0.0, 0.0), (0.0, 0.0), (0.0, 0.0), (11.6667, 5.0)]
[1/1/2015 0:10:17] Times:[-1, -100, -101, -101, -100, -101, -100]
[1/1/2015 0:10:17] #######SAFE MOVE DIGEST########
[1/1/2015 0:10:17] Finished move instruction
[1/1/2015 0:10:18] MoveInstruction
[1/1/2015 0:10:28] #######SAFE MOVE DIGEST########
[1/1/2015 0:10:28] Starting Yaw: -7
[1/1/2015 0:10:28] Ending Yaw: -15
[1/1/2015 0:10:28] Recorded Yaws: [-7, -7, -7, -5, -5, -3, -3, -4, -4, -5, -5, -6, -7, -9, -10, -10, -11, -11, -11, -12, -13, -13, -13, -14, -15, -16, -16, -16, -16, -16, -16, -16, -16, -16, -15, -15, -15, -15, -16, -16, -16, -16, -16, -15, -15, -16, -16, -15, -15, -16, -16, -17, -17, -17, -17, -16, -16, -16, -16, -16, -17, -18, -19, -19, -19, -18, -18, -16, -16, -16, -16, -16, -16, -17, -17, -18, -18, -18, -18, -17, -16, -16, -16, -16, -16, -16, -17, -17, -18, -18, -17, -16, -15, -15]
[1/1/2015 0:10:28] Yaw Differences: [0, 0, 0, 2, 2, 4, 4, 3, 3, 2, 2, 1, 0, 2, 3, 3, 4, 4, 4, 5, 6, 6, 6, 7, 8, 9, 9, 9, 9, 9, 9, 9, 9, 9, 8, 8, 8, 8, 9, 9, 9, 9, 9, 8, 8, 9, 9, 8, 8, 9, 9, 10, 10, 10, 10, 9, 9, 9, 9, 9, 10, 11, 12, 12, 12, 11, 11, 9, 9, 9, 9, 9, 9, 10, 10, 11, 11, 11, 11, 10, 9, 9, 9, 9, 9, 9, 10, 10, 11, 11, 10, 9, 8, 8]
[1/1/2015 0:10:28] Average Difference: 7.76596
[1/1/2015 0:10:29] Power Values: [(13, -11), (32, -31), (40, -39), (43, -40), (45, -40), (45, -38), (46, -36), (45, -36), (44, -36), (44, -35), (45, -34), (44, -33), (44, -34), (42, -34), (41, -34), (40, -32), (40, -31), (41, -32), (41, -32), (41, -32), (40, -33), (39, -33), (41, -33), (41, -33), (40, -32), (40, -33), (39, -33), (39, -33), (40, -33), (40, -32), (40, -32), (41, -33), (41, -34), (41, -34), (42, -34), (43, -33), (43, -32), (43, -33), (42, -33), (42, -33), (40, -33), (41, -32), (42, -31), (42, -32), (43, -33), (42, -33), (42, -33), (43, -33), (43, -33), (44, -32), (43, -33), (42, -33), (42, -33), (41, -32), (42, -33), (42, -32), (43, -32), (43, -33), (42, -33), (43, -33), (42, -32), (42, -32), (41, -33), (40, -33), (40, -33), (39, -32), (41, -32), (42, -31), (43, -32), (43, -33), (42, -34), (42, -33), (43, -33), (42, -33), (42, -33), (42, -33), (41, -33), (40, -33), (41, -33), (41, -32), (43, -32), (43, -33), (43, -34), (43, -33), (42, -33), (42, -33), (42, -32), (41, -32), (40, -33), (40, -33), (40, -33), (42, -32), (43, -32), (38, -18)]
[1/1/2015 0:10:29] RPM Values:[(0.0, 0.0), (3.33333, 1.66667), (28.3333, 30.0), (43.3333, 48.3333), (50.0, 51.6667), (55.0, 66.6667), (53.3333, 56.6666), (56.6666, 51.6667), (56.6666, 51.6667), (53.3333, 53.3333), (51.6667, 50.0), (51.6667, 50.0), (51.6667, 50.0), (55.0, 50.0), (56.6666, 50.0), (50.0, 50.0), (46.6667, 50.0), (48.3333, 51.6667), (48.3333, 46.6667), (48.3333, 41.6667), (50.0, 45.0), (46.6667, 48.3333), (46.6667, 50.0), (48.3333, 46.6667), (48.3333, 50.0), (50.0, 45.0), (46.6667, 48.3333), (50.0, 48.3333), (46.6667, 50.0), (43.3333, 48.3333), (46.6667, 48.3333), (46.6667, 46.6667), (50.0, 45.0), (46.6667, 46.6667), (45.0, 48.3333), (50.0, 51.6667), (45.0, 50.0), (50.0, 46.6667), (51.6667, 46.6667), (50.0, 48.3333), (51.6667, 50.0), (45.0, 50.0), (45.0, 48.3333), (45.0, 46.6667), (48.3333, 46.6667), (50.0, 45.0), (48.3333, 48.3333), (46.6667, 50.0), (48.3333, 46.6667), (46.6667, 50.0), (51.6667, 45.0), (51.6667, 48.3333), (50.0, 48.3333), (50.0, 53.3333), (45.0, 48.3333), (43.3333, 46.6667), (46.6667, 48.3333), (51.6667, 45.0), (50.0, 50.0), (45.0, 46.6667), (48.3333, 48.3333), (53.3333, 51.6667), (50.0, 46.6667), (50.0, 46.6667), (48.3333, 48.3333), (48.3333, 50.0), (43.3333, 48.3333), (43.3333, 50.0), (45.0, 46.6667), (48.3333, 45.0), (50.0, 45.0), (50.0, 50.0), (45.0, 50.0), (48.3333, 45.0), (48.3333, 48.3333), (50.0, 45.0), (51.6667, 48.3333), (48.3333, 50.0), (50.0, 51.6667), (43.3333, 46.6667), (43.3333, 48.3333), (46.6667, 48.3333), (48.3333, 45.0), (50.0, 46.6667), (48.3333, 50.0), (48.3333, 48.3333), (50.0, 50.0), (50.0, 46.6667), (53.3333, 46.6667), (50.0, 48.3333), (45.0, 50.0), (43.3333, 51.6667), (40.0, 48.3333)]
[1/1/2015 0:10:29] Times:[0, -101, -100, -99, -101, -101, -100, -100, -100, -101, -100, -100, -101, -100, -100, -101, -100, -101, -100, -100, -101, -100, -100, -100, -99, -101, -101, -101, -100, -99, -101, -101, -100, -100, -101, -101, -100, -101, -99, -100, -100, -101, -99, -101, -101, -100, -101, -101, -101, -100, -101, -100, -101, -101, -100, -101, -101, -100, -101, -100, -100, -101, -100, -101, -101, -100, -101, -101, -100, -100, -100, -100, -100, -101, -100, -100, -100, -100, -101, -100, -101, -101, -100, -100, -100, -101, -100, -100, -101, -101, -100, -101, -100, -101]
[1/1/2015 0:10:29] #######SAFE MOVE DIGEST########
[1/1/2015 0:10:29] Finished move instruction
[1/1/2015 0:10:30] MoveInstruction
[1/1/2015 0:10:31] list index out of range
[1/1/2015 0:10:31] Finished move instruction
[1/1/2015 0:10:32] MoveInstruction
[1/1/2015 0:10:33] #######SAFE MOVE DIGEST########
[1/1/2015 0:10:33] Starting Yaw: 78
[1/1/2015 0:10:33] Ending Yaw: 82
[1/1/2015 0:10:33] Recorded Yaws: [80, 81, 82, 82]
[1/1/2015 0:10:33] Yaw Differences: [2, 3, 4, 4]
[1/1/2015 0:10:33] Average Difference: 3.25
[1/1/2015 0:10:33] Power Values: [(13, -12), (20, -19), (25, -16), (19, 0)]
[1/1/2015 0:10:34] RPM Values:[(0.0, -3.33333), (6.66667, 11.6667), (15.0, 18.3333)]
[1/1/2015 0:10:34] Times:[-1, -101, -101, -100]
[1/1/2015 0:10:34] #######SAFE MOVE DIGEST########
[1/1/2015 0:10:34] Finished move instruction
[1/1/2015 0:10:35] MoveInstruction
[1/1/2015 0:10:37] #######SAFE MOVE DIGEST########
[1/1/2015 0:10:37] Starting Yaw: 82
[1/1/2015 0:10:37] Ending Yaw: -2
[1/1/2015 0:10:37] Recorded Yaws: [82, 82, 82, 80, 78, 72, 64, 55, 45, 35, 26, 16, 6, -2]
[1/1/2015 0:10:37] Yaw Differences: [0, 0, 0, 2, 4, 10, 18, 27, 37, 47, 56, 66, 76, 84]
[1/1/2015 0:10:38] Average Difference: 30.5
[1/1/2015 0:10:38] Power Values: [(3, 2), (10, 9), (15, 13), (20, 16), (25, 19), (28, 20), (29, 22), (30, 23), (30, 23), (30, 23), (31, 22), (31, 21), (31, 21), (30, 17)]
[1/1/2015 0:10:38] RPM Values:[(0.0, 0.0), (0.0, 0.0), (0.0, 5.0), (0.0, 3.33333), (3.33333, 11.6667), (15.0, 15.0), (18.3333, 15.0), (20.0, 18.3333), (21.6667, 20.0), (20.0, 21.6667), (20.0, 20.0), (21.6667, 21.6667), (20.0, 20.0)]
[1/1/2015 0:10:38] Times:[-1, -101, -100, -100, -101, -101, -100, -100, -101, -99, -101, -101, -101, -100]
[1/1/2015 0:10:38] #######SAFE MOVE DIGEST########
[1/1/2015 0:10:38] Finished move instruction
[1/1/2015 0:10:40] MiningInstruction
[1/1/2015 0:10:54] Finished MiningInstruction
[1/1/2015 0:10:55] MoveInstruction
[1/1/2015 0:10:55] list index out of range
[1/1/2015 0:10:56] Finished move instruction
[1/1/2015 0:10:57] MoveInstruction
[1/1/2015 0:10:57] list index out of range
[1/1/2015 0:10:57] Finished move instruction
[1/1/2015 0:10:58] MoveInstruction
[1/1/2015 0:11:1] #######SAFE MOVE DIGEST########
[1/1/2015 0:11:2] Starting Yaw: 135
[1/1/2015 0:11:2] Ending Yaw: 137
[1/1/2015 0:11:2] Recorded Yaws: [135, 137, 139, 141, 143, 143, 144, 144, 144, 143, 142, 141, 140, 139, 138, 137, 137, 137, 138, 139, 140, 139, 139, 138, 138, 138, 137, 137]
[1/1/2015 0:11:2] Yaw Differences: [0, 2, 4, 6, 8, 8, 9, 9, 9, 8, 7, 6, 5, 4, 3, 2, 2, 2, 3, 4, 5, 4, 4, 3, 3, 3, 2, 2]
[1/1/2015 0:11:2] Average Difference: 4.53571
[1/1/2015 0:11:3] Power Values: [(13, -14), (32, -32), (38, -37), (42, -38), (43, -36), (45, -36), (45, -37), (47, -37), (48, -35), (46, -34), (46, -34), (45, -34), (44, -35), (43, -34), (41, -34), (39, -33), (38, -32), (40, -33), (41, -33), (42, -34), (44, -34), (43, -33), (43, -32), (43, -33), (42, -34), (43, -33), (42, -33), (40, -33)]
[1/1/2015 0:11:3] RPM Values:[(0.0, 0.0), (6.66667, 11.6667), (30.0, 36.6667), (40.0, 48.3333), (55.0, 61.6667), (50.0, 53.3333), (50.0, 48.3333), (50.0, 56.6666), (53.3333, 53.3333), (58.3333, 53.3333), (58.3333, 51.6667), (53.3333, 48.3333), (53.3333, 48.3333), (55.0, 50.0), (55.0, 50.0), (53.3333, 50.0), (50.0, 50.0), (43.3333, 46.6667), (45.0, 46.6667), (41.6667, 46.6667), (45.0, 48.3333), (51.6667, 50.0), (48.3333, 48.3333), (48.3333, 46.6667), (50.0, 45.0), (51.6667, 50.0), (50.0, 51.6667)]
[1/1/2015 0:11:3] Times:[-1, -101, -100, -101, -101, -100, -101, -101, -101, -100, -101, -100, -100, -100, -100, -101, -100, -100, -101, -101, -101, -100, -100, -100, -101, -101, -100, -100]
[1/1/2015 0:11:3] #######SAFE MOVE DIGEST########
[1/1/2015 0:11:3] Finished move instruction
[1/1/2015 0:11:4] MoveInstruction
[1/1/2015 0:11:6] #######SAFE MOVE DIGEST########
[1/1/2015 0:11:6] Starting Yaw: 138
[1/1/2015 0:11:6] Ending Yaw: 90
[1/1/2015 0:11:6] Recorded Yaws: [138, 138, 138, 135, 129, 123, 116, 107, 98, 90]
[1/1/2015 0:11:6] Yaw Differences: [0, 0, 0, 3, 9, 15, 22, 31, 40, 48]
[1/1/2015 0:11:6] Average Difference: 16.8
[1/1/2015 0:11:6] Power Values: [(3, 5), (10, 11), (15, 16), (20, 18), (23, 19), (24, 20), (27, 21), (28, 21), (29, 17), (28, 0)]
[1/1/2015 0:11:7] RPM Values:[(0.0, 0.0), (0.0, 0.0), (0.0, 5.0), (1.66667, 11.6667), (11.6667, 15.0), (13.3333, 16.6667), (16.6667, 18.3333), (15.0, 18.3333), (20.0, 18.3333)]
[1/1/2015 0:11:7] Times:[-1, -101, -100, -101, -101, -100, -101, -101, -100, -101]
[1/1/2015 0:11:7] #######SAFE MOVE DIGEST########
[1/1/2015 0:11:7] Finished move instruction
[1/1/2015 0:11:8] MoveInstruction
[1/1/2015 0:11:9] #######SAFE MOVE DIGEST########
[1/1/2015 0:11:9] Starting Yaw: 87
[1/1/2015 0:11:10] Ending Yaw: 91
[1/1/2015 0:11:10] Recorded Yaws: [87, 88, 91, 93, 93, 93, 92, 91]
[1/1/2015 0:11:10] Yaw Differences: [0, 1, 4, 6, 6, 6, 5, 4]
[1/1/2015 0:11:10] Average Difference: 4.0
[1/1/2015 0:11:10] Power Values: [(13, -12), (32, -30), (42, -36), (46, -38), (48, -37), (47, -37), (47, -37), (41, -17)]
[1/1/2015 0:11:10] RPM Values:[(0.0, 0.0), (1.66667, 6.66667), (23.3333, 35.0), (38.3333, 48.3333), (55.0, 58.3333), (60.0, 50.0), (55.0, 53.3333)]
[1/1/2015 0:11:10] Times:[-1, -100, -101, -101, -101, -100, -101, -100]
[1/1/2015 0:11:11] #######SAFE MOVE DIGEST########
[1/1/2015 0:11:11] Finished move instruction
[1/1/2015 0:11:12] MoveInstruction
[1/1/2015 0:11:13] #######SAFE MOVE DIGEST########
[1/1/2015 0:11:13] Starting Yaw: 87
[1/1/2015 0:11:13] Ending Yaw: 78
[1/1/2015 0:11:13] Recorded Yaws: [87, 87, 87, 86, 83, 78]
[1/1/2015 0:11:13] Yaw Differences: [0, 0, 0, 1, 4, 9]
[1/1/2015 0:11:14] Average Difference: 2.33333
[1/1/2015 0:11:14] Power Values: [(2, 3), (9, 10), (12, 14), (17, 19), (20, 21), (23, 0)]
[1/1/2015 0:11:14] RPM Values:[(0.0, 0.0), (0.0, 0.0), (0.0, 3.33333), (0.0, 3.33333), (6.66667, 10.0)]
[1/1/2015 0:11:14] Times:[0, -100, -101, -101, -100, -101]
[1/1/2015 0:11:14] #######SAFE MOVE DIGEST########
[1/1/2015 0:11:14] Finished move instruction
[1/1/2015 0:11:16] MoveInstruction
[1/1/2015 0:11:19] #######SAFE MOVE DIGEST########
[1/1/2015 0:11:19] Starting Yaw: 72
[1/1/2015 0:11:19] Ending Yaw: 74
[1/1/2015 0:11:19] Recorded Yaws: [72, 72, 74, 75, 75, 76, 76, 77, 78, 77, 77, 76, 75, 74, 73, 72, 72, 72, 73, 74, 74, 75, 75, 75, 74, 74]
[1/1/2015 0:11:19] Yaw Differences: [0, 0, 2, 3, 3, 4, 4, 5, 6, 5, 5, 4, 3, 2, 1, 0, 0, 0, 1, 2, 2, 3, 3, 3, 2, 2]
[1/1/2015 0:11:19] Average Difference: 2.5
[1/1/2015 0:11:20] Power Values: [(12, -12), (32, -32), (40, -37), (44, -39), (44, -38), (44, -38), (45, -38), (46, -37), (46, -35), (45, -34), (45, -34), (45, -34), (45, -35), (44, -34), (43, -34), (41, -34), (41, -33), (41, -34), (42, -34), (43, -34), (43, -33), (43, -33), (44, -32), (44, -32), (44, -33), (28, -13)]
[1/1/2015 0:11:20] RPM Values:[(0.0, 0.0), (5.0, 8.33333), (26.6667, 35.0), (43.3333, 48.3333), (55.0, 55.0), (51.6667, 55.0), (51.6667, 55.0), (51.6667, 53.3333), (53.3333, 55.0), (56.6666, 56.6666), (53.3333, 50.0), (53.3333, 46.6667), (53.3333, 45.0), (51.6667, 51.6667), (53.3333, 51.6667), (55.0, 51.6667), (48.3333, 46.6667), (46.6667, 45.0), (43.3333, 46.6667), (46.6667, 50.0), (50.0, 53.3333), (46.6667, 50.0), (46.6667, 45.0), (48.3333, 48.3333), (50.0, 48.3333)]
[1/1/2015 0:11:31] Times:[-1, -100, -101, -100, -100, -101, -100, -100, -100, -101, -100, -101, -99, -100, -101, -101, -100, -100, -100, -101, -101, -100, -101, -101, -100, -101]
[1/1/2015 0:11:32] #######SAFE MOVE DIGEST########
[1/1/2015 0:11:32] Finished move instruction
[1/1/2015 0:11:33] MoveInstruction
[1/1/2015 0:11:33] #######SAFE MOVE DIGEST########
[1/1/2015 0:11:33] Starting Yaw: 73
[1/1/2015 0:11:33] Ending Yaw: 73
[1/1/2015 0:11:34] Recorded Yaws: [73, 73]
[1/1/2015 0:11:34] Yaw Differences: [0, 0]
[1/1/2015 0:11:34] Average Difference: 0.0
[1/1/2015 0:11:34] Power Values: [(0, 3), (0, 11)]
[1/1/2015 0:11:34] RPM Values:[(0.0, 0.0)]
[1/1/2015 0:11:34] Times:[-1, -100]
[1/1/2015 0:11:34] #######SAFE MOVE DIGEST########
[1/1/2015 0:11:34] Finished move instruction
[1/1/2015 0:11:36] MoveInstruction
[1/1/2015 0:11:40] #######SAFE MOVE DIGEST########
[1/1/2015 0:11:41] Starting Yaw: 72
[1/1/2015 0:11:41] Ending Yaw: 68
[1/1/2015 0:11:41] Recorded Yaws: [72, 72, 74, 75, 76, 76, 77, 78, 79, 78, 77, 76, 75, 75, 73, 72, 71, 71, 72, 73, 73, 73, 73, 72, 70, 69, 68, 67, 66, 66, 66, 67, 68, 68, 69, 69, 69, 68, 68, 67, 66, 66, 67, 68, 68]
[1/1/2015 0:11:41] Yaw Differences: [0, 0, 2, 3, 4, 4, 5, 6, 7, 6, 5, 4, 3, 3, 1, 0, 1, 1, 0, 1, 1, 1, 1, 0, 2, 3, 4, 5, 6, 6, 6, 5, 4, 4, 3, 3, 3, 4, 4, 5, 6, 6, 5, 4, 4]
[1/1/2015 0:11:41] Average Difference: 3.35556
[1/1/2015 0:11:41] Power Values: [(13, -12), (31, -30), (39, -36), (42, -38), (43, -37), (44, -38), (45, -37), (46, -35), (47, -34), (46, -33), (45, -32), (46, -34), (45, -34), (45, -33), (44, -33), (41, -33), (42, -33), (43, -34), (44, -34), (45, -34), (45, -34), (45, -33), (44, -32), (44, -33), (43, -33), (42, -33), (41, -33), (40, -32), (39, -32), (40, -32), (41, -33), (41, -33), (42, -32), (42, -32), (43, -32), (44, -32), (43, -32), (43, -33), (42, -33), (41, -32), (40, -32), (40, -33), (42, -33), (44, -33), (36, -22)]
[1/1/2015 0:11:41] RPM Values:[(0.0, 0.0), (8.33333, 10.0), (26.6667, 33.3333), (43.3333, 48.3333), (51.6667, 56.6666), (53.3333, 53.3333), (50.0, 51.6667), (50.0, 56.6666), (53.3333, 58.3333), (58.3333, 55.0), (56.6666, 48.3333), (51.6667, 46.6667), (50.0, 48.3333), (53.3333, 48.3333), (53.3333, 51.6667), (56.6666, 50.0), (50.0, 45.0), (43.3333, 46.6667), (43.3333, 46.6667), (43.3333, 48.3333), (48.3333, 51.6667), (51.6667, 48.3333), (50.0, 50.0), (50.0, 45.0), (51.6667, 48.3333), (51.6667, 51.6667), (51.6667, 46.6667), (50.0, 50.0), (51.6667, 51.6667), (45.0, 43.3333), (43.3333, 46.6667), (45.0, 48.3333), (46.6667, 48.3333), (50.0, 50.0), (45.0, 50.0), (45.0, 46.6667), (48.3333, 45.0), (51.6667, 46.6667), (50.0, 51.6667), (53.3333, 50.0), (50.0, 48.3333), (46.6667, 43.3333), (41.6667, 45.0), (43.3333, 50.0)]
[1/1/2015 0:11:42] Times:[0, -101, -101, -101, -100, -101, -101, -100, -101, -101, -100, -101, -100, -100, -100, -101, -101, -100, -101, -99, -101, -100, -100, -99, -101, -101, -101, -100, -101, -101, -101, -100, -101, -101, -100, -100, -101, -101, -101, -101, -100, -100, -101, -101, -101]
[1/1/2015 0:11:42] #######SAFE MOVE DIGEST########
[1/1/2015 0:11:42] Finished move instruction
[1/1/2015 0:11:43] MoveInstruction
[1/1/2015 0:11:44] #######SAFE MOVE DIGEST########
[1/1/2015 0:11:44] Starting Yaw: 67
[1/1/2015 0:11:45] Ending Yaw: 34
[1/1/2015 0:11:45] Recorded Yaws: [67, 67, 66, 63, 59, 52, 44, 38, 34]
[1/1/2015 0:11:45] Yaw Differences: [0, 0, 1, 4, 8, 15, 23, 29, 33]
[1/1/2015 0:11:45] Average Difference: 12.5556
[1/1/2015 0:11:45] Power Values: [(3, 5), (10, 11), (15, 15), (19, 18), (23, 19), (27, 19), (29, 20), (28, 13), (28, 0)]
[1/1/2015 0:11:46] RPM Values:[(1.66667, 0.0), (1.66667, 0.0), (1.66667, 6.66667), (1.66667, 10.0), (5.0, 15.0), (10.0, 18.3333), (16.6667, 20.0), (16.6667, 10.0)]
[1/1/2015 0:11:46] Times:[-1, -100, -100, -100, -99, -101, -100, -99, -101]
[1/1/2015 0:11:46] #######SAFE MOVE DIGEST########
[1/1/2015 0:11:46] Finished move instruction
[1/1/2015 0:11:47] MoveInstruction
[1/1/2015 0:11:52] #######SAFE MOVE DIGEST########
[1/1/2015 0:11:52] Starting Yaw: 31
[1/1/2015 0:11:52] Ending Yaw: 30
[1/1/2015 0:11:52] Recorded Yaws: [31, 31, 34, 35, 36, 35, 34, 32, 31, 31, 31, 31, 30, 31, 31, 31, 31, 30, 29, 28, 28, 29, 29, 29, 28, 28, 29, 29, 30, 30, 29, 28, 28, 29, 30, 30, 30, 30, 30, 30]
[1/1/2015 0:11:52] Yaw Differences: [0, 0, 3, 4, 5, 4, 3, 1, 0, 0, 0, 0, 1, 0, 0, 0, 0, 1, 2, 3, 3, 2, 2, 2, 3, 3, 2, 2, 1, 1, 2, 3, 3, 2, 1, 1, 1, 1, 1, 1]
[1/1/2015 0:11:52] Average Difference: 1.6
[1/1/2015 0:11:52] Power Values: [(13, -11), (33, -30), (42, -36), (47, -37), (48, -37), (48, -36), (47, -36), (44, -35), (44, -35), (43, -34), (44, -33), (45, -34), (44, -34), (43, -33), (44, -33), (44, -32), (44, -32), (43, -32), (42, -33), (41, -34), (42, -34), (43, -34), (44, -34), (44, -33), (43, -34), (42, -34), (42, -34), (42, -33), (42, -32), (42, -32), (42, -32), (41, -33), (40, -33), (42, -34), (43, -34), (44, -32), (45, -33), (43, -34), (42, -33), (31, -29)]
[1/1/2015 0:11:53] RPM Values:[(0.0, 0.0), (0.0, 5.0), (21.6667, 31.6667), (38.3333, 48.3333), (56.6666, 56.6666), (60.0, 58.3333), (60.0, 51.6667), (61.6667, 51.6667), (56.6666, 55.0), (51.6667, 53.3333), (48.3333, 51.6667), (51.6667, 50.0), (51.6667, 46.6667), (51.6667, 48.3333), (45.0, 51.6667), (53.3333, 51.6667), (48.3333, 51.6667), (51.6667, 46.6667), (51.6667, 45.0), (50.0, 45.0), (46.6667, 46.6667), (45.0, 48.3333), (45.0, 48.3333), (48.3333, 50.0), (50.0, 46.6667), (53.3333, 48.3333), (48.3333, 50.0), (46.6667, 51.6667), (48.3333, 50.0), (48.3333, 48.3333), (48.3333, 46.6667), (51.6667, 45.0), (50.0, 45.0), (41.6667, 48.3333), (43.3333, 48.3333), (45.0, 50.0), (48.3333, 46.6667), (56.6666, 46.6667), (48.3333, 48.3333)]
[1/1/2015 0:11:53] Times:[-1, -100, -100, -100, -101, -101, -100, -101, -101, -101, -100, -101, -100, -101, -101, -101, -100, -101, -101, -100, -100, -101, -101, -100, -100, -101, -100, -100, -101, -100, -100, -101, -101, -101, -100, -99, -101, -101, -101, -101]
[1/1/2015 0:11:53] #######SAFE MOVE DIGEST########
[1/1/2015 0:11:53] Finished move instruction
[1/1/2015 0:11:54] MoveInstruction
[1/1/2015 0:11:55] #######SAFE MOVE DIGEST########
[1/1/2015 0:11:56] Starting Yaw: 30
[1/1/2015 0:11:56] Ending Yaw: -15
[1/1/2015 0:11:56] Recorded Yaws: [30, 30, 30, 26, 20, 13, 5, -1, -9, -15]
[1/1/2015 0:11:56] Yaw Differences: [0, 0, 0, 4, 10, 17, 25, 31, 39, 45]
[1/1/2015 0:11:56] Average Difference: 17.1
[1/1/2015 0:11:56] Power Values: [(3, 6), (10, 13), (15, 17), (18, 19), (21, 19), (25, 19), (26, 19), (29, 20), (28, 14), (27, 0)]
[1/1/2015 0:11:57] RPM Values:[(0.0, 0.0), (0.0, 0.0), (0.0, 6.66667), (6.66667, 13.3333), (11.6667, 16.6667), (8.33333, 21.6667), (15.0, 18.3333), (15.0, 16.6667), (18.3333, 13.3333)]
[1/1/2015 0:11:57] Times:[-1, -101, -100, -101, -101, -100, -100, -100, -100, -100]
[1/1/2015 0:11:57] #######SAFE MOVE DIGEST########
[1/1/2015 0:11:57] Finished move instruction
[1/1/2015 0:11:58] MiningInstruction
[1/1/2015 0:12:31] Finished MiningInstruction
[1/1/2015 0:12:32] MoveInstruction
[1/1/2015 0:12:32] list index out of range
[1/1/2015 0:12:32] Finished move instruction
[1/1/2015 0:12:34] MoveInstruction
[1/1/2015 0:12:34] list index out of range
[1/1/2015 0:12:34] Finished move instruction
[1/1/2015 0:12:35] MoveInstruction
[1/1/2015 0:12:42] #######SAFE MOVE DIGEST########
[1/1/2015 0:12:42] Starting Yaw: 142
[1/1/2015 0:12:43] Ending Yaw: 149
[1/1/2015 0:12:43] Recorded Yaws: [143, 143, 145, 148, 149, 150, 151, 151, 151, 151, 150, 148, 148, 148, 149, 149, 148, 147, 147, 147, 146, 146, 145, 145, 144, 145, 147, 148, 147, 147, 147, 147, 147, 146, 146, 145, 145, 145, 146, 147, 146, 146, 146, 147, 147, 148, 148, 147, 148, 148, 149, 150, 150, 149, 149, 148, 148, 149, 148, 147, 147, 147, 148, 149, 150, 150, 149]
[1/1/2015 0:12:43] Yaw Differences: [1, 1, 3, 6, 7, 8, 9, 9, 9, 9, 8, 6, 6, 6, 7, 7, 6, 5, 5, 5, 4, 4, 3, 3, 2, 3, 5, 6, 5, 5, 5, 5, 5, 4, 4, 3, 3, 3, 4, 5, 4, 4, 4, 5, 5, 6, 6, 5, 6, 6, 7, 8, 8, 7, 7, 6, 6, 7, 6, 5, 5, 5, 6, 7, 8, 8, 7]
[1/1/2015 0:12:43] Average Difference: 5.49254
[1/1/2015 0:12:43] Power Values: [(13, -13), (32, -32), (37, -38), (42, -39), (43, -38), (43, -36), (45, -36), (45, -36), (46, -35), (46, -34), (44, -33), (43, -33), (43, -33), (44, -34), (45, -34), (45, -34), (45, -33), (45, -33), (44, -34), (44, -33), (43, -34), (42, -33), (40, -32), (39, -32), (40, -33), (41, -33), (43, -34), (44, -34), (43, -33), (43, -33), (44, -33), (43, -34), (44, -34), (43, -33), (43, -33), (41, -33), (41, -33), (42, -34), (44, -35), (44, -34), (44, -34), (43, -34), (43, -33), (44, -34), (44, -34), (43, -33), (43, -33), (42, -32), (41, -32), (43, -33), (44, -33), (44, -32), (45, -32), (44, -33), (42, -31), (43, -33), (43, -33), (42, -32), (42, -32), (40, -32), (40, -31), (40, -31), (40, -32), (42, -32), (43, -33), (43, -32), (40, -27)]
[1/1/2015 0:12:44] RPM Values:[(-1.66667, 0.0), (8.33333, 5.0), (28.3333, 35.0), (41.6667, 51.6667), (50.0, 56.6666), (55.0, 60.0), (48.3333, 51.6667), (53.3333, 50.0), (53.3333, 53.3333), (53.3333, 55.0), (60.0, 53.3333), (56.6666, 50.0), (48.3333, 43.3333), (46.6667, 48.3333), (45.0, 48.3333), (50.0, 51.6667), (50.0, 48.3333), (53.3333, 48.3333), (50.0, 46.6667), (50.0, 50.0), (51.6667, 48.3333), (51.6667, 48.3333), (55.0, 51.6667), (50.0, 48.3333), (43.3333, 43.3333), (43.3333, 46.6667), (40.0, 48.3333), (45.0, 46.6667), (50.0, 48.3333), (53.3333, 50.0), (45.0, 45.0), (51.6667, 46.6667), (45.0, 48.3333), (50.0, 50.0), (51.6667, 48.3333), (51.6667, 50.0), (48.3333, 48.3333), (43.3333, 45.0), (43.3333, 45.0), (45.0, 48.3333), (50.0, 51.6667), (51.6667, 50.0), (46.6667, 46.6667), (46.6667, 46.6667), (51.6667, 50.0), (48.3333, 50.0), (50.0, 50.0), (53.3333, 51.6667), (48.3333, 48.3333), (41.6667, 45.0), (46.6667, 45.0), (45.0, 48.3333), (48.3333, 50.0), (51.6667, 50.0), (50.0, 48.3333), (48.3333, 46.6667), (48.3333, 46.6667), (48.3333, 48.3333), (50.0, 50.0), (51.6667, 48.3333), (51.6667, 50.0), (46.6667, 48.3333), (43.3333, 43.3333), (41.6667, 45.0), (43.3333, 48.3333), (50.0, 50.0)]
[1/1/2015 0:12:44] Times:[-1, -101, -100, -100, -100, -100, -100, -100, -101, -101, -100, -101, -100, -101, -100, -100, -101, -101, -100, -100, -101, -100, -100, -99, -101, -101, -101, -100, -100, -100, -100, -100, -100, -100, -100, -101, -100, -101, -101, -101, -100, -101, -101, -100, -101, -101, -100, -101, -100, -101, -101, -100, -100, -100, -101, -101, -100, -100, -100, -101, -101, -100, -101, -101, -101, -101, -101]
[1/1/2015 0:12:44] #######SAFE MOVE DIGEST########
[1/1/2015 0:12:44] Finished move instruction
[1/1/2015 0:12:45] MoveInstruction
[1/1/2015 0:12:45] list index out of range
[1/1/2015 0:12:46] Finished move instruction
[1/1/2015 0:12:47] MiningInstruction

