[1/1/2015 0:47:20] Received code: 13
[1/1/2015 0:47:33] Received code: 0
[1/1/2015 0:47:33] Received ping!
[1/1/2015 0:47:45] Received code: 100
[1/1/2015 0:47:45] MoveInstruction
[1/1/2015 0:47:48] #######SAFE MOVE DIGEST########
[1/1/2015 0:47:49] Starting Yaw: 28
[1/1/2015 0:47:49] Ending Yaw: 22
[1/1/2015 0:47:49] Recorded Yaws: [28, 31, 29, 29, 29, 30, 30, 29, 29, 28, 27, 26, 25, 24, 24, 23, 22, 21, 21, 20, 20, 19, 20, 20, 21, 21, 22, 22, 22]
[1/1/2015 0:47:49] Yaw Differences: [0, 3, 1, 1, 1, 2, 2, 1, 1, 0, 1, 2, 3, 4, 4, 5, 6, 7, 7, 8, 8, 9, 8, 8, 7, 7, 6, 6, 6]
[1/1/2015 0:47:49] Average Difference: 4.27586
[1/1/2015 0:47:49] Power Values: [(22, -22), (50, -49), (58, -57), (60, -61), (59, -59), (59, -56), (57, -55), (55, -53), (56, -51), (54, -1), (53, -51), (52, -49), (52, -49), (52, -50), (51, -51), (52, -50), (52, -49), (52, -50), (51, -51), (51, -50), (52, -50), (53, -51), (51, -51), (53, -50), (53, -50), (52, -51), (52, -49), (52, -35), (14, 0)]
[1/1/2015 0:47:49] RPM Values:[(0.0, 0.0), (20.0, 25.0), (61.6667, 61.6667), (86.6666, 76.6667), (93.3333, 96.6667), (88.3333, 100.0), (90.0, 91.6666), (90.0, 86.6666), (85.0, 88.3333), (85.0, 83.3333), (85.0, 76.6667), (83.3333, 85.0), (78.3333, 81.6666), (81.6666, 76.6667), (81.6666, 78.3333), (80.0, 83.3333), (76.6667, 80.0), (80.0, 76.6667), (86.6666, 80.0), (78.3333, 81.6666), (75.0, 80.0), (80.0, 78.3333), (83.3333, 80.0), (76.6667, 83.3333), (78.3333, 80.0), (83.3333, 76.6667), (83.3333, 83.3333), (76.6667, 83.3333)]
[1/1/2015 0:47:49] Times:[0, -101, -100, -101, -100, -100, -100, -100, -100, -100, -100, -100, -101, -100, -100, -100, -100, -100, -101, -100, -101, -99, -101, -99, -100, -101, -101, -100, -101]
[1/1/2015 0:47:50] #######SAFE MOVE DIGEST########
[1/1/2015 0:47:50] Finished move instruction
[1/1/2015 0:47:51] RotateInstruction

