[1/1/2015 0:39:1] Received code: 13
[1/1/2015 0:39:15] Received code: 0
[1/1/2015 0:39:15] Received ping!
[1/1/2015 0:39:27] Received code: 100
[1/1/2015 0:39:27] MoveInstruction
[1/1/2015 0:39:30] #######SAFE MOVE DIGEST########
[1/1/2015 0:39:31] Starting Yaw: 85
[1/1/2015 0:39:31] Ending Yaw: 87
[1/1/2015 0:39:31] Recorded Yaws: [85, 86, 85, 85, 85, 86, 87, 87, 88, 88, 88, 88, 88, 88, 88, 88, 88, 87, 87, 88, 87, 87, 87, 87, 87, 86, 86, 87]
[1/1/2015 0:39:31] Yaw Differences: [0, 1, 0, 0, 0, 1, 2, 2, 3, 3, 3, 3, 3, 3, 3, 3, 3, 2, 2, 3, 2, 2, 2, 2, 2, 1, 1, 2]
[1/1/2015 0:39:31] Average Difference: 1.92857
[1/1/2015 0:39:31] Power Values: [(22, -22), (51, -52), (60, -60), (62, -64), (61, -63), (60, -60), (59, -58), (56, -56), (56, -53), (55, -53), (55, -52), (53, -52), (54, -51), (54, -52), (53, -51), (53, -51), (53, -50), (53, -50), (53, -51), (53, -51), (53, -51), (53, -51), (52, -51), (53, -50), (54, -51), (53, -51), (53, -50), (52, -46)]
[1/1/2015 0:39:31] RPM Values:[(0.0, 0.0), (21.6667, 20.0), (60.0, 58.3333), (81.6666, 75.0), (93.3333, 96.6667), (91.6666, 101.667), (91.6666, 90.0), (90.0, 91.6666), (86.6666, 93.3333), (81.6666, 83.3333), (83.3333, 76.6667), (85.0, 83.3333), (80.0, 83.3333), (78.3333, 78.3333), (83.3333, 83.3333), (81.6666, 85.0), (81.6666, 76.6667), (80.0, 80.0), (80.0, 80.0), (80.0, 83.3333), (78.3333, 73.3333), (80.0, 76.6667), (86.6666, 86.6666), (78.3333, 83.3333), (76.6667, 75.0), (81.6666, 75.0), (80.0, 83.3333)]
[1/1/2015 0:39:31] Times:[-1, -100, -101, -100, -100, -100, -101, -100, -100, -99, -101, -99, -100, -101, -101, -100, -101, -101, -100, -100, -100, -101, -101, -100, -101, -99, -101, -99]
[1/1/2015 0:39:32] #######SAFE MOVE DIGEST########
[1/1/2015 0:39:32] Finished move instruction
[1/1/2015 0:39:33] MoveInstruction
[1/1/2015 0:39:36] #######SAFE MOVE DIGEST########
[1/1/2015 0:39:36] Starting Yaw: 86
[1/1/2015 0:39:36] Ending Yaw: 87
[1/1/2015 0:39:36] Recorded Yaws: [86, 87, 86, 86, 87, 87, 88, 88, 89, 88, 88, 88, 88, 88, 87, 87, 87, 87, 87, 87, 87, 87, 87, 87, 87, 87, 87, 87]
[1/1/2015 0:39:37] Yaw Differences: [0, 1, 0, 0, 1, 1, 2, 2, 3, 2, 2, 2, 2, 2, 1, 1, 1, 1, 1, 1, 1, 1, 1, 1, 1, 1, 1, 1]
[1/1/2015 0:39:37] Average Difference: 1.21429
[1/1/2015 0:39:37] Power Values: [(22, -21), (50, -51), (58, -59), (61, -60), (60, -59), (59, -59), (57, -55), (57, -53), (56, -54), (55, -53), (54, -51), (54, -50), (54, -52), (54, -52), (54, -50), (54, -51), (53, -52), (53, -51), (54, -50), (54, -51), (54, -52), (54, -51), (54, -50), (54, -51), (54, -51), (53, -50), (54, -50), (47, -44)]
[1/1/2015 0:39:37] RPM Values:[(0.0, 0.0), (25.0, 20.0), (63.3333, 61.6667), (80.0, 81.6666), (90.0, 95.0), (93.3333, 91.6666), (90.0, 93.3333), (85.0, 90.0), (86.6666, 83.3333), (86.6666, 88.3333), (85.0, 86.6666), (81.6666, 78.3333), (80.0, 76.6667), (83.3333, 83.3333), (80.0, 83.3333), (80.0, 76.6667), (80.0, 78.3333), (81.6666, 83.3333), (78.3333, 78.3333), (78.3333, 78.3333), (81.6666, 78.3333), (78.3333, 81.6666), (85.0, 85.0), (80.0, 73.3333), (81.6666, 81.6666), (78.3333, 86.6666), (78.3333, 76.6667)]
[1/1/2015 0:39:37] Times:[-1, -100, -101, -99, -100, -101, -101, -100, -100, -100, -101, -101, -100, -100, -100, -100, -100, -100, -100, -101, -100, -100, -101, -100, -101, -101, -100, -101]
[1/1/2015 0:39:37] #######SAFE MOVE DIGEST########
[1/1/2015 0:39:38] Finished move instruction
[1/1/2015 0:39:39] MoveInstruction
[1/1/2015 0:39:42] #######SAFE MOVE DIGEST########
[1/1/2015 0:39:42] Starting Yaw: 87
[1/1/2015 0:39:42] Ending Yaw: 87
[1/1/2015 0:39:42] Recorded Yaws: [87, 88, 87, 87, 87, 88, 88, 88, 88, 88, 88, 88, 88, 88, 88, 88, 88, 88, 88, 88, 88, 87, 87, 87, 87, 88, 87, 87]
[1/1/2015 0:39:43] Yaw Differences: [0, 1, 0, 0, 0, 1, 1, 1, 1, 1, 1, 1, 1, 1, 1, 1, 1, 1, 1, 1, 1, 0, 0, 0, 0, 1, 0, 0]
[1/1/2015 0:39:43] Average Difference: 0.642857
[1/1/2015 0:39:43] Power Values: [(23, -21), (50, -49), (58, -57), (61, -61), (60, -60), (59, -58), (58, -55), (56, -54), (56, -53), (55, -52), (55, -52), (54, -51), (53, -50), (54, -51), (55, -52), (54, -51), (54, -50), (54, -51), (54, -51), (54, -50), (53, -50), (53, -51), (53, -50), (53, -51), (54, -50), (53, -52), (53, -51), (51, -45)]
[1/1/2015 0:39:43] RPM Values:[(0.0, 0.0), (26.6667, 21.6667), (60.0, 63.3333), (78.3333, 73.3333), (91.6666, 95.0), (93.3333, 96.6667), (88.3333, 91.6666), (88.3333, 85.0), (88.3333, 90.0), (83.3333, 86.6666), (81.6666, 80.0), (85.0, 83.3333), (81.6666, 85.0), (83.3333, 78.3333), (78.3333, 76.6667), (83.3333, 80.0), (75.0, 83.3333), (81.6666, 75.0), (81.6666, 78.3333), (81.6666, 83.3333), (80.0, 83.3333), (78.3333, 80.0), (80.0, 75.0), (80.0, 80.0), (78.3333, 81.6666), (80.0, 76.6667), (80.0, 80.0)]
[1/1/2015 0:39:43] Times:[-1, -100, -100, -100, -100, -100, -101, -99, -101, -101, -100, -100, -100, -101, -100, -100, -99, -101, -99, -100, -101, -101, -100, -100, -100, -100, -100, -101]
[1/1/2015 0:39:43] #######SAFE MOVE DIGEST########
[1/1/2015 0:39:44] Finished move instruction
[1/1/2015 0:39:45] MoveInstruction
[1/1/2015 0:39:48] #######SAFE MOVE DIGEST########
[1/1/2015 0:39:48] Starting Yaw: 83
[1/1/2015 0:39:48] Ending Yaw: 34
[1/1/2015 0:39:48] Recorded Yaws: [82, 80, 74, 65, 55, 46, 38, 34, 35, 37, 35, 37, 38, 38, 39, 42, 44, 44, 42, 38, 38, 39, 38, 39, 42, 42, 38, 34]
[1/1/2015 0:39:48] Yaw Differences: [1, 3, 9, 18, 28, 37, 45, 49, 48, 46, 48, 46, 45, 45, 44, 41, 39, 39, 41, 45, 45, 44, 45, 44, 41, 41, 45, 49]
[1/1/2015 0:39:48] Average Difference: 38.25
[1/1/2015 0:39:49] Power Values: [(21, -23), (52, -55), (66, -64), (71, -67), (73, -65), (75, -70), (71, -74), (67, -74), (68, -71), (72, -67), (74, -68), (71, -61), (74, -63), (80, -67), (77, -63), (71, -60), (64, -54), (63, -51), (63, -47), (60, -46), (63, -50), (70, -58), (71, -60), (73, -61), (70, -61), (64, -55), (63, -52), (43, -23)]
[1/1/2015 0:39:49] RPM Values:[(0.0, 0.0), (16.6667, 10.0), (41.6667, 63.3333), (70.0, 75.0), (91.6666, 95.0), (85.0, 73.3333), (103.333, 85.0), (98.3333, 88.3333), (83.3333, 93.3333), (76.6667, 101.667), (83.3333, 96.6667), (95.0, 100.0), (73.3333, 66.6667), (63.3333, 63.3333), (96.6667, 101.667), (110.0, 98.3333), (100.0, 95.0), (85.0, 96.6667), (78.3333, 80.0), (86.6666, 80.0), (65.0, 60.0), (55.0, 48.3333), (76.6667, 71.6667), (76.6667, 78.3333), (91.6666, 86.6666), (103.333, 103.333), (90.0, 91.6666)]
[1/1/2015 0:39:49] Times:[-1, -100, -100, -100, -101, -100, -100, -101, -101, -100, -101, -100, -100, -100, -101, -100, -100, -101, -101, -100, -101, -100, -101, -101, -101, -100, -99, -101]
[1/1/2015 0:39:49] #######SAFE MOVE DIGEST########
[1/1/2015 0:39:49] Finished move instruction

